sigareas <- list()
sigareas$DOWNTOWN <- c(
  1014,1015,1016,1017,1025,1057,1157,1177,1178,1203,1205,
  5017,5023,5024,5027,5066,5303,5304,5305,5503,
  6407,6605,
  7126,7128,7131,7138,7139,7140,7141,7142,7143,7180,7242,7243,7244,7245,7246,7247,7248,7251,7252,7366,7369,
  8116,8117,8119,8301,8302,8303,8601
)
sigareas$COMMERCIAL <- c(
  1021,1047,1112,1217,1218,1219,4867,
  5006,5012,5014,5015,5019,5028,5030,5032,5042,5043,5044,5056,5072,5073,5074,
  6309,6415,6423,6446,6614,6615,6622, 
  7086,7095,7136,7147,7148,7151,7249,7250,7282,7283,7517,7910,
  8105,8113,8304,8309,8606
)
sigareas$RESIDENTIAL <- c(
  1020,1034,1059,1068,1077,1088,1089,1104,1105,1125,1138,1220,1825,1826,4641,
  5016,5025,5029,5031,5053,5157,5816,
  7083,7084,7085,7124,7184,7185,
  8603,8607,8609
)
sigareas$UNIVERSITY <- c(
  5054,5055,5056,5806,5807,5808, 
  6415,6417,6627,6628,
  7039,7041,7042,7043,7045,
  8622,8605
)
sigareas$PARK <- c(
  1088,1089,1125,1138,1229,1825,1826,6517,6629,7184,7185,7366
)
sigareas$TRAIL <- c(
  5314,6307,6423,6424,6504,7516,7520,8113
)
